332
50
414
434
225
421
458
446
428
292
434
485
497
458
443
434
312
199
285
170
461
189
227
416
220
431
214
335
455
419
563
229
431
389
320
201
449
223
323
419
404
437
404
170
395
458
485
416
389
458
446
452
434
416
449
170
470
437
440
449
443
368
86
482
473
192
536
467
446
476
521
374
449
473
428
422
443
464
182
410
431
434
392
186
124
410
172
458
437
313
479
141
425
476
215
405
419
428
467
440
437
464
479
357
494
425
413
425
446
392
466
428
431
443
428
500
458
118
339
413
458
380
291
384
437
458
236
458
437
467
407
446
188
395
482
173
458
425
431
425
488
467
503
470
518
470
479
262
413
437
431
446
440
449
377
464
437
125
141
175
410
239
253
53
446
581
437
449
422
470
485
182
422
455
473
482
493
455
428
530
167
413
479
410
70
416
470
254
392
536
455
116
461
455
431
170
362
524
449
458
151
464
188
476
527
398
425
185
470
431
446
416
383
405
169
446
437
337
413
488
464
446
461
425
431
182
542
422
47
458
446
425
440
443
470
215
464
500
512
401
416
514
386
431
425
437
488
449
467
419
509
315
440
116
310
413
458
473
231
449
431
277
467
386
107
107
107
107
189
196
536
506
455
207
419
434
395
246
205
398
413
452
161
386
536
446
443
368
440
437
493
491
238
473
419
383
446
437
440
389
416
458
470
533
503
464
274
98
391
210
437
452
417
479
428
169
455
113
455
458
449
413
350
230
346
341
410
470
416
503
467
410
443
440
506
91
157
240
449
497
443
452
455
404
404
386
443
422
224
479
227
247
404
377
416
47
173
443
288
76
398
449
140
449
425
105
443
419
467
431
479
452
449
476
425
431
371
87
434
491
79
473
321
320
122
548
288
479
419
241
491
389
244
446
443
440
275
192
395
437
452
178
395
416
389
467
446
437
503
545
404
179
512
500
431
452
455
213
168
350
193
485
263
449
473
458
443
449
428
431
389
158
189
452
400
359
422
458
527
269
257
419
425
401
385
118
497
434
431
497
401
458
502
53
37
413
407
195
134
437
191
413
440
422
488
443
251
378
394
551
476
461
261
425
563
290
275
413
419
221
446
264
221
467
437
311
440
407
314
395
208
434
282
404
418
443
428
392
161
485
479
67
467
425
422
428
416
