528.0
-487.0
518.0
-485.0
529.0
527.0
529.0
525.0
527.0
527.0
529.0
525.0
523.0
529.0
529.0
527.0
529.0
527.0
527.0
529.0
527.0
527.0
527.0
529.0
525.0
529.0
528.0
529.0
527.0
527.0
525.0
525.0
527.0
529.0
523.0
528.0
527.0
529.0
529.0
529.0
529.0
527.0
529.0
527.0
527.0
527.0
525.0
527.0
527.0
529.0
529.0
527.0
527.0
527.0
529.0
-518.0
-514.0
-506.0
-506.0
-511.0
-505.0
-510.0
-509.0
-507.0
-506.0
-514.0
-510.0
-511.0
-506.0
-505.0
-506.0
-513.0
-507.0
-509.0
-514.0
-509.0
-507.0
-507.0
-514.0
-513.0
-510.0
-510.0
-516.0
-517.0
-507.0
-508.0
-512.0
-508.0
-512.0
-509.0
-509.0
-519.0
-509.0
-510.0
-508.0
-507.0
-508.0
-508.0
-515.0
-517.0
-505.0
-511.0
-510.0
-507.0
-509.0
-518.0
-509.0
-508.0
-509.0
-509.0
-513.0
-513.0
-509.0
-506.0
-504.0
-508.0
-504.0
-515.0
-511.0
-507.0
-508.0
-511.0
-504.0
-507.0
-508.0
-512.0
-512.0
-531.0
-512.0
-505.0
-513.0
-504.0
-504.0
-509.0
-518.0
-520.0
-519.0
-518.0
-506.0
-508.0
-514.0
-517.0
-513.0
-508.0
-519.0
-509.0
-517.0
-519.0
-515.0
-509.0
-513.0
-513.0
-507.0
-513.0
-512.0
-518.0
-510.0
-505.0
-518.0
-520.0
-506.0
-512.0
-508.0
-509.0
-519.0
-513.0
-516.0
-508.0
-504.0
-505.0
-510.0
-514.0
-510.0
-520.0
-516.0
-511.0
-511.0
-516.0
-511.0
-504.0
-519.0
-505.0
-520.0
-516.0
-517.0
-509.0
-514.0
-519.0
-512.0
-505.0
-515.0
-515.0
-510.0
-516.0
-515.0
-511.0
-510.0
-516.0
-516.0
-506.0
-504.0
-512.0
-506.0
-512.0
-508.0
-512.0
-521.0
-520.0
-507.0
-517.0
-508.0
-513.0
-505.0
-520.0
-513.0
-516.0
-520.0
-509.0
-514.0
-520.0
-509.0
-512.0
-510.0
-506.0
-511.0
-521.0
-510.0
-509.0
-506.0
-510.0
-507.0
-536.0
-507.0
-512.0
-511.0
-568.0
-508.0
-506.0
-508.0
-515.0
-506.0
-517.0
-508.0
-511.0
-514.0
-519.0
-519.0
-509.0
-516.0
-510.0
-512.0
-506.0
-517.0
-519.0
-518.0
-515.0
-552.0
-511.0
-515.0
-516.0
-510.0
-518.0
-511.0
-512.0
-519.0
-509.0
-505.0
-509.0
499.0
-514.0
-509.0
-512.0
-522.0
-514.0
-520.0
-515.0
-522.0
-520.0
-519.0
-524.0
-504.0
-520.0
-523.0
-509.0
-518.0
-504.0
-510.0
-512.0
-517.0
-511.0
-512.0
-524.0
-508.0
-511.0
-517.0
-512.0
-506.0
-523.0
-510.0
-503.0
-515.0
-548.0
-516.0
-517.0
-518.0
-504.0
-504.0
-517.0
-567.0
-572.0
-511.0
-516.0
-504.0
-513.0
-506.0
-521.0
-509.0
-514.0
-510.0
499.0
-513.0
-508.0
499.0
-507.0
-516.0
499.0
-509.0
-517.0
-517.0
-520.0
-507.0
-518.0
-516.0
499.0
-509.0
499.0
-518.0
-510.0
-507.0
-516.0
-512.0
-519.0
-510.0
499.0
-511.0
-504.0
-512.0
-512.0
-520.0
-507.0
-505.0
-513.0
499.0
-520.0
499.0
-527.0
-514.0
-509.0
-517.0
-521.0
-513.0
-514.0
-509.0
-524.0
-511.0
-517.0
-507.0
-514.0
-521.0
-503.0
-512.0
499.0
-517.0
-513.0
-508.0
-516.0
-517.0
-524.0
499.0
-526.0
-512.0
-515.0
499.0
-513.0
499.0
-506.0
-508.0
-525.0
-528.0
-515.0
-507.0
-540.0
-516.0
-516.0
-516.0
-511.0
-508.0
-516.0
-515.0
-504.0
-516.0
-516.0
-503.0
-528.0
-518.0
-513.0
-513.0
-515.0
-511.0
-518.0
-507.0
-528.0
-515.0
-516.0
-510.0
-518.0
-515.0
-517.0
-510.0
-525.0
-510.0
-524.0
-513.0
-510.0
-516.0
-517.0
-504.0
-505.0
-516.0
491.0
-529.0
-510.0
-513.0
-516.0
-514.0
499.0
-512.0
-504.0
-511.0
-517.0
-516.0
-523.0
-517.0
-517.0
-504.0
-520.0
-518.0
-514.0
-510.0
-517.0
-516.0
-518.0
-519.0
491.0
491.0
-513.0
-513.0
-506.0
-504.0
499.0
-511.0
-511.0
-511.0
-515.0
499.0
-506.0
491.0
-514.0
-513.0
-509.0
491.0
-508.0
-510.0
-516.0
-504.0
491.0
-518.0
-512.0
-507.0
499.0
-506.0
-511.0
-509.0
-512.0
-525.0
-512.0
-507.0
-517.0
-513.0
-516.0
-511.0
491.0
-513.0
-515.0
-525.0
-508.0
-519.0
-509.0
-509.0
-508.0
-518.0
-516.0
-515.0
-514.0
-510.0
-517.0
-504.0
-515.0
491.0
-512.0
-503.0
-510.0
-512.0
-502.0
-503.0
-522.0
-509.0
499.0
499.0
-507.0
499.0
-503.0
-519.0
-516.0
-505.0
-503.0
-508.0
499.0
491.0
-511.0
-508.0
-510.0
-517.0
-520.0
-512.0
-520.0
-525.0
499.0
-509.0
-518.0
499.0
-522.0
-518.0
491.0
-515.0
-505.0
491.0
-504.0
-504.0
-519.0
499.0
-505.0
-502.0
-501.0
-502.0
-512.0
-508.0
-505.0
499.0
491.0
-506.0
-509.0
-501.0
-503.0
-519.0
-507.0
-517.0
491.0
-505.0
-512.0
-520.0
499.0
-501.0
-502.0
-519.0
-509.0
-510.0
-514.0
-510.0
491.0
-504.0
-521.0
-503.0
-513.0
-510.0
-505.0
-500.0
-513.0
-513.0
-504.0
-503.0
491.0
499.0
499.0
-518.0
-506.0
-517.0
489.0
-519.0
491.0
499.0
-516.0
-512.0
-520.0
-505.0
-508.0
-504.0
-503.0
499.0
-503.0
-504.0
-507.0
495.0
-512.0
-505.0
499.0
499.0
491.0
-502.0
-513.0
-506.0
491.0
-517.0
-507.0
-503.0
-507.0
-506.0
-511.0
-505.0
499.0
-518.0
-510.0
491.0
-510.0
-509.0
-504.0
-509.0
-503.0
499.0
-505.0
499.0
491.0
487.0
-512.0
491.0
-502.0
-517.0
-506.0
499.0
-508.0
-505.0
491.0
491.0
-505.0
-509.0
-508.0
-516.0
-512.0
-504.0
-513.0
-518.0
-514.0
-521.0
491.0
-510.0
-510.0
499.0
-508.0
-520.0
-514.0
499.0
499.0
-515.0
-522.0
-503.0
-523.0
499.0
-510.0
-508.0
-518.0
-506.0
-511.0
-512.0
-513.0
-518.0
-512.0
-514.0
499.0
491.0
-514.0
499.0
-515.0
-510.0
-518.0
-503.0
-503.0
-507.0
-516.0
-509.0
499.0
-502.0
-514.0
-503.0
-513.0
499.0
-519.0
-509.0
-502.0
-519.0
499.0
-517.0
491.0
-500.0
-533.0
-507.0
-502.0
-502.0
-508.0
-508.0
-522.0
499.0
-511.0
499.0
499.0
-510.0
-523.0
-528.0
487.0
-504.0
487.0
-509.0
487.0
499.0
499.0
-507.0
-509.0
491.0
-514.0
-510.0
-502.0
-509.0
499.0
-514.0
-502.0
-519.0
-504.0
499.0
487.0
495.0
-504.0
-506.0
-504.0
-524.0
498.0
-519.0
-504.0
-513.0
-515.0
-510.0
491.0
-506.0
-520.0
497.0
487.0
-520.0
-520.0
487.0
-503.0
-534.0
-515.0
491.0
-519.0
-504.0
-510.0
-515.0
-521.0
-522.0
-521.0
-512.0
491.0
-502.0
-511.0
-514.0
-528.0
-508.0
495.0
-521.0
-529.0
-516.0
491.0
-508.0
-516.0
-503.0
491.0
499.0
-508.0
-528.0
496.0
499.0
487.0
-503.0
499.0
-506.0
-525.0
-509.0
499.0
499.0
491.0
499.0
-524.0
-524.0
-519.0
499.0
-510.0
-509.0
-505.0
-513.0
503.0
-510.0
499.0
-513.0
-514.0
-514.0
491.0
499.0
491.0
491.0
499.0
-512.0
495.0
491.0
-506.0
-507.0
-511.0
-501.0
499.0
-503.0
-516.0
-511.0
-503.0
-519.0
499.0
-504.0
499.0
-504.0
-512.0
491.0
-515.0
-515.0
-519.0
499.0
-528.0
-504.0
-521.0
499.0
-511.0
491.0
499.0
-504.0
-509.0
499.0
-513.0
-506.0
-515.0
491.0
495.0
-519.0
-521.0
503.0
491.0
495.0
487.0
491.0
495.0
-596.0
-505.0
491.0
495.0
-517.0
499.0
-548.0
-516.0
495.0
499.0
495.0
499.0
-513.0
495.0
502.0
499.0
-505.0
-506.0
499.0
-518.0
491.0
499.0
-514.0
-525.0
499.0
487.0
495.0
-518.0
-501.0
-512.0
-507.0
501.0
495.0
500.0
-510.0
-510.0
-505.0
499.0
-523.0
-506.0
-517.0
487.0
-529.0
-506.0
499.0
-509.0
-507.0
499.0
-513.0
503.0
503.0
495.0
-506.0
499.0
-516.0
-503.0
491.0
491.0
-507.0
-501.0
503.0
-512.0
-513.0
499.0
-504.0
-502.0
-520.0
-526.0
-504.0
-523.0
503.0
-502.0
495.0
499.0
-504.0
503.0
495.0
-507.0
499.0
-516.0
503.0
495.0
-507.0
499.0
-506.0
499.0
504.0
499.0
-505.0
-516.0
-501.0
491.0
499.0
-504.0
-508.0
499.0
-508.0
-504.0
488.0
487.0
-509.0
-506.0
-510.0
-512.0
-519.0
-510.0
-510.0
503.0
491.0
-511.0
-511.0
503.0
499.0
-504.0
-517.0
-506.0
-507.0
-508.0
499.0
499.0
-502.0
-505.0
-509.0
-501.0
500.0
-511.0
503.0
499.0
499.0
-503.0
498.0
-509.0
-508.0
-515.0
495.0
497.0
503.0
-508.0
-506.0
499.0
499.0
-507.0
-510.0
-503.0
-510.0
503.0
-517.0
-504.0
499.0
-506.0
-508.0
503.0
499.0
-509.0
496.0
499.0
-511.0
-511.0
499.0
-506.0
-512.0
499.0
494.0
-507.0
-506.0
487.0
499.0
-504.0
499.0
501.0
499.0
495.0
503.0
-507.0
-507.0
503.0
-517.0
-502.0
499.0
503.0
-510.0
495.0
495.0
503.0
503.0
499.0
-508.0
499.0
-511.0
503.0
-512.0
-507.0
495.0
-507.0
-509.0
-508.0
495.0
499.0
-507.0
495.0
-504.0
-505.0
-508.0
499.0
-510.0
502.0
-512.0
-522.0
503.0
499.0
-513.0
-504.0
-513.0
-505.0
-505.0
-510.0
495.0
491.0
-514.0
487.0
-506.0
487.0
503.0
-515.0
499.0
499.0
-507.0
495.0
495.0
495.0
499.0
503.0
499.0
-507.0
503.0
503.0
495.0
-507.0
499.0
493.0
-500.0
499.0
499.0
-516.0
-509.0
503.0
495.0
499.0
495.0
-517.0
503.0
-501.0
-515.0
491.0
-508.0
-502.0
-519.0
503.0
-516.0
-513.0
-507.0
-505.0
-505.0
500.0
-504.0
-521.0
-509.0
495.0
495.0
499.0
-500.0
503.0
503.0
503.0
495.0
503.0
499.0
499.0
-506.0
503.0
-509.0
-516.0
503.0
503.0
495.0
491.0
495.0
-521.0
-514.0
499.0
-514.0
499.0
499.0
-518.0
503.0
503.0
-510.0
-511.0
503.0
-508.0
503.0
-511.0
-515.0
-506.0
495.0
503.0
503.0
499.0
503.0
-506.0
503.0
499.0
503.0
-506.0
503.0
-506.0
495.0
502.0
502.0
499.0
503.0
503.0
-505.0
495.0
499.0
-502.0
-512.0
-507.0
-505.0
-507.0
-513.0
503.0
-509.0
-513.0
-503.0
-503.0
495.0
495.0
503.0
-509.0
495.0
-515.0
-503.0
-505.0
-507.0
499.0
487.0
503.0
-508.0
-502.0
-515.0
495.0
499.0
-504.0
495.0
503.0
499.0
503.0
503.0
503.0
-505.0
499.0
503.0
-510.0
503.0
503.0
-503.0
503.0
495.0
-520.0
499.0
503.0
499.0
-511.0
503.0
503.0
503.0
503.0
503.0
503.0
-507.0
499.0
503.0
-514.0
503.0
495.0
-505.0
499.0
491.0
495.0
503.0
499.0
-507.0
499.0
499.0
499.0
499.0
501.0
-503.0
491.0
-501.0
499.0
495.0
499.0
503.0
-518.0
503.0
-513.0
495.0
-503.0
-505.0
503.0
-512.0
495.0
-512.0
495.0
503.0
491.0
-522.0
495.0
503.0
499.0
-506.0
-510.0
499.0
499.0
499.0
495.0
-514.0
503.0
491.0
499.0
-508.0
495.0
-525.0
-505.0
-503.0
499.0
-509.0
503.0
503.0
499.0
-503.0
503.0
503.0
499.0
501.0
503.0
-506.0
503.0
-508.0
499.0
503.0
495.0
495.0
499.0
503.0
487.0
495.0
495.0
503.0
499.0
-511.0
-514.0
503.0
-507.0
495.0
499.0
503.0
503.0
495.0
-503.0
-501.0
-506.0
-517.0
-504.0
-504.0
-504.0
-507.0
495.0
499.0
503.0
499.0
503.0
503.0
-514.0
495.0
500.0
491.0
-507.0
-515.0
491.0
-505.0
503.0
503.0
-506.0
499.0
499.0
503.0
503.0
-514.0
499.0
-509.0
503.0
503.0
499.0
503.0
495.0
495.0
-506.0
499.0
503.0
-508.0
503.0
503.0
495.0
-503.0
487.0
-507.0
-505.0
-523.0
503.0
499.0
499.0
-505.0
495.0
487.0
-508.0
503.0
-509.0
499.0
499.0
503.0
504.0
-508.0
495.0
499.0
495.0
495.0
-509.0
503.0
-504.0
499.0
499.0
-509.0
495.0
499.0
506.0
495.0
-510.0
495.0
495.0
487.0
495.0
495.0
503.0
503.0
503.0
-508.0
-506.0
499.0
499.0
499.0
499.0
503.0
487.0
499.0
499.0
494.0
503.0
495.0
-508.0
503.0
503.0
503.0
-515.0
-504.0
503.0
503.0
-521.0
499.0
499.0
503.0
-505.0
-510.0
503.0
503.0
499.0
498.0
-512.0
503.0
503.0
499.0
495.0
-526.0
-509.0
495.0
503.0
495.0
499.0
503.0
495.0
-528.0
503.0
-508.0
-515.0
499.0
-509.0
503.0
499.0
491.0
503.0
499.0
487.0
502.0
495.0
503.0
-517.0
503.0
499.0
-505.0
503.0
-511.0
503.0
503.0
499.0
499.0
-508.0
505.0
499.0
-505.0
503.0
495.0
-503.0
499.0
501.0
503.0
495.0
503.0
503.0
-511.0
499.0
503.0
499.0
499.0
-502.0
502.0
-513.0
-508.0
495.0
495.0
495.0
503.0
495.0
503.0
499.0
-503.0
495.0
503.0
-506.0
499.0
503.0
499.0
503.0
495.0
499.0
491.0
-511.0
499.0
499.0
503.0
-515.0
503.0
503.0
-510.0
503.0
503.0
491.0
503.0
-511.0
499.0
503.0
499.0
503.0
-505.0
-516.0
-508.0
495.0
495.0
499.0
499.0
499.0
503.0
495.0
-504.0
503.0
503.0
499.0
503.0
499.0
-509.0
499.0
499.0
503.0
503.0
503.0
499.0
-508.0
-503.0
-510.0
503.0
503.0
-502.0
-511.0
-510.0
499.0
-507.0
495.0
499.0
-511.0
503.0
499.0
503.0
-503.0
-502.0
495.0
503.0
503.0
503.0
-515.0
-504.0
-518.0
-510.0
503.0
499.0
491.0
491.0
503.0
495.0
499.0
503.0
503.0
499.0
499.0
-512.0
495.0
503.0
495.0
499.0
-503.0
499.0
503.0
499.0
499.0
487.0
-512.0
503.0
503.0
503.0
-504.0
503.0
-507.0
495.0
-516.0
503.0
503.0
495.0
-523.0
503.0
499.0
503.0
495.0
-505.0
499.0
501.0
503.0
499.0
503.0
503.0
503.0
499.0
-516.0
-512.0
499.0
499.0
499.0
-510.0
499.0
499.0
495.0
503.0
491.0
499.0
503.0
503.0
495.0
503.0
499.0
495.0
495.0
499.0
503.0
-518.0
-506.0
-503.0
495.0
-509.0
499.0
503.0
503.0
-505.0
-523.0
503.0
-510.0
499.0
499.0
-532.0
-505.0
499.0
499.0
495.0
499.0
503.0
487.0
503.0
-515.0
491.0
495.0
503.0
-518.0
503.0
-509.0
503.0
-514.0
503.0
503.0
499.0
491.0
491.0
492.0
503.0
-510.0
495.0
499.0
487.0
499.0
503.0
495.0
495.0
-512.0
499.0
-503.0
499.0
495.0
499.0
503.0
-514.0
-509.0
503.0
499.0
495.0
487.0
487.0
-527.0
503.0
-505.0
-515.0
503.0
495.0
499.0
-508.0
491.0
495.0
-533.0
499.0
-504.0
503.0
-506.0
503.0
-502.0
-516.0
503.0
-506.0
-508.0
-507.0
503.0
-507.0
493.0
503.0
-512.0
495.0
499.0
495.0
499.0
-514.0
495.0
503.0
499.0
503.0
-516.0
503.0
495.0
-512.0
503.0
495.0
503.0
503.0
499.0
503.0
503.0
503.0
-503.0
495.0
503.0
503.0
-513.0
503.0
-505.0
-511.0
499.0
499.0
495.0
-511.0
503.0
499.0
495.0
-513.0
499.0
503.0
-510.0
503.0
495.0
-506.0
499.0
503.0
-505.0
-505.0
-511.0
503.0
499.0
495.0
499.0
-509.0
498.0
495.0
-508.0
499.0
503.0
503.0
495.0
-508.0
-507.0
-511.0
503.0
-503.0
-510.0
499.0
495.0
-508.0
-518.0
-505.0
503.0
499.0
503.0
503.0
499.0
495.0
503.0
503.0
503.0
503.0
499.0
487.0
-504.0
495.0
503.0
503.0
-503.0
-507.0
503.0
-511.0
499.0
495.0
-509.0
-507.0
503.0
503.0
499.0
-503.0
503.0
495.0
495.0
-503.0
503.0
503.0
502.0
499.0
-504.0
-519.0
499.0
499.0
495.0
499.0
495.0
-504.0
491.0
-504.0
495.0
495.0
499.0
491.0
507.0
503.0
503.0
502.0
499.0
495.0
499.0
495.0
503.0
495.0
-508.0
499.0
503.0
491.0
499.0
-503.0
495.0
499.0
498.0
503.0
499.0
503.0
503.0
-503.0
499.0
499.0
499.0
495.0
487.0
-506.0
-517.0
503.0
-504.0
503.0
-514.0
495.0
-506.0
495.0
503.0
-505.0
-504.0
499.0
499.0
495.0
503.0
499.0
-509.0
499.0
495.0
503.0
-506.0
-516.0
-503.0
499.0
499.0
495.0
-500.0
503.0
503.0
-517.0
-503.0
503.0
499.0
499.0
495.0
499.0
499.0
-507.0
503.0
-508.0
503.0
491.0
-508.0
-520.0
490.0
491.0
503.0
-504.0
-511.0
499.0
495.0
503.0
499.0
503.0
495.0
503.0
503.0
499.0
499.0
495.0
503.0
-502.0
503.0
-506.0
495.0
503.0
491.0
495.0
-520.0
487.0
499.0
503.0
495.0
503.0
499.0
503.0
503.0
503.0
495.0
499.0
503.0
-506.0
491.0
491.0
499.0
503.0
-502.0
-511.0
487.0
495.0
-508.0
499.0
502.0
503.0
499.0
-502.0
495.0
499.0
487.0
495.0
495.0
499.0
-510.0
503.0
-506.0
503.0
495.0
503.0
487.0
503.0
495.0
503.0
503.0
503.0
-510.0
499.0
499.0
-515.0
-515.0
-502.0
492.0
491.0
503.0
487.0
502.0
503.0
-515.0
503.0
503.0
-518.0
495.0
503.0
503.0
503.0
487.0
-523.0
-511.0
503.0
503.0
-504.0
503.0
495.0
499.0
503.0
495.0
499.0
499.0
503.0
495.0
503.0
-510.28
-482.53
-391.7
-372.97
-280.47
-289.22
-261.07
-290.89
-182.04
-118.77
12.23
146.08
55.05
175.18
257.86
195.66
306.65
287.52
186.05
287.43
-511.76
-514.77
-472.71
-331.1
-251.55
-328.53
-198.62
-220.03
-189.34
-76.35
104.12
176.86
237.17
247.44
188.46
257.0
196.29
226.17
236.63
247.13
-511.38
-514.38
-512.39
-423.31
-338.45
-199.6
-200.36
-332.86
-109.09
-127.09
75.2
116.11
146.71
186.2
257.53
196.26
136.14
337.67
236.64
226.38
-511.87
-512.45
-463.02
-291.96
-309.19
-328.58
-259.39
-170.25
-180.47
12.84
23.93
94.67
196.72
176.78
277.89
236.34
185.12
308.25
226.94
186.48
-511.16
-512.61
-493.04
-381.19
-349.84
-299.85
-279.2
-189.19
-118.0
14.68
196.49
216.18
227.24
166.52
205.93
186.11
257.01
176.55
246.66
196.39
