528.0
20.5
186.333333333
18.5
120.6
188.333333333
237.0
273.0
301.222222222
323.8
342.454545455
357.666666667
370.384615385
381.714285714
391.533333333
400.0
407.588235294
414.222222222
420.157894737
425.6
430.428571429
434.818181818
438.826086957
442.583333333
445.88
449.076923077
452.0
454.75
457.24137931
459.566666667
461.677419355
463.65625
465.575757576
467.441176471
469.028571429
470.666666667
472.189189189
473.684210526
475.102564103
476.45
477.731707317
478.904761905
480.069767442
481.136363636
482.155555556
483.130434783
484.021276596
484.916666667
485.775510204
486.64
-518.0
-516.0
-512.666666667
-511.0
-511.0
-510.0
-510.0
-509.875
-509.555555556
-509.2
-509.636363636
-509.666666667
-509.769230769
-509.5
-509.2
-509.0
-509.235294118
-509.111111111
-509.105263158
-509.35
-509.333333333
-509.227272727
-509.130434783
-509.333333333
-509.48
-509.5
-509.518518519
-509.75
-510.0
-509.9
-509.838709677
-509.90625
-509.848484848
-509.911764706
-509.885714286
-509.861111111
-510.108108108
-510.078947368
-510.076923077
-510.025
-509.951219512
-509.904761905
-509.860465116
-509.977272727
-510.133333333
-510.02173913
-510.042553191
-510.041666667
-509.979591837
-509.96
-510.117647059
-510.096153846
-510.056603774
-510.037037037
-510.018181818
-510.071428571
-510.122807018
-510.103448276
-510.033898305
-509.933333333
-509.901639344
-509.806451613
-509.888888889
-509.90625
-509.861538462
-509.833333333
-509.850746269
-509.764705882
-509.724637681
-509.7
-509.732394366
-509.763888889
-510.054794521
-510.081081081
-510.013333333
-510.052631579
-509.974025974
-509.897435897
-509.886075949
-509.9875
-510.111111111
-510.219512195
-510.313253012
-510.261904762
-510.235294118
-510.279069767
-510.356321839
-510.386363636
-510.359550562
-510.455555556
-510.43956044
-510.510869565
-510.602150538
-510.64893617
-510.631578947
-510.65625
-510.680412371
-510.642857143
-510.666666667
-510.68
-510.752475248
-510.745098039
-510.689320388
-510.759615385
-510.847619048
-510.801886792
-510.813084112
-510.787037037
-510.770642202
-510.845454545
-510.864864865
-510.910714286
-510.884955752
-510.824561404
-510.773913043
-510.767241379
-510.794871795
-510.788135593
-510.865546218
-510.908333333
-510.909090909
-510.909836066
-510.951219512
-510.951612903
-510.896
-510.96031746
-510.913385827
-510.984375
-511.023255814
-511.069230769
-511.053435115
-511.075757576
-511.135338346
-511.141791045
-511.096296296
-511.125
-511.153284672
-511.144927536
-511.179856115
-511.207142857
-511.205673759
-511.197183099
-511.230769231
-511.263888889
-511.227586207
-511.178082192
-511.183673469
-511.148648649
-511.154362416
-511.133333333
-511.139072848
-511.203947368
-511.261437908
-511.233766234
-511.270967742
-511.25
-511.261146497
-511.221518987
-511.27672956
-511.2875
-511.316770186
-511.37037037
-511.355828221
-511.37195122
-511.424242424
-511.409638554
-511.413173653
-511.404761905
-511.372781065
-511.370588235
-511.426900585
-511.418604651
-511.404624277
-511.373563218
-511.365714286
-511.340909091
-511.480225989
-511.45505618
-511.458100559
-511.455555556
-511.767955801
-511.747252747
-511.715846995
-511.695652174
-511.713513514
-511.682795699
-511.711229947
-511.691489362
-511.687830688
-511.7
-511.738219895
-511.776041667
-511.761658031
-511.783505155
-511.774358974
-511.775510204
-511.746192893
-511.772727273
-511.809045226
-511.84
-511.855721393
-512.054455446
-512.049261084
-512.06372549
-512.082926829
-512.072815534
-512.101449275
-512.096153846
-512.09569378
-512.128571429
-512.113744076
-512.080188679
-512.0657277
-507.341121495
-507.372093023
-507.37962963
-507.400921659
-507.467889908
-507.497716895
-507.554545455
-507.588235294
-507.653153153
-507.708520179
-507.758928571
-507.831111111
-507.814159292
-507.86784141
-507.934210526
-507.938864629
-507.982608696
-507.965367965
-507.974137931
-507.991416309
-508.02991453
-508.042553191
-508.059322034
-508.126582278
-508.12605042
-508.138075314
-508.175
-508.190871369
-508.181818182
-508.242798354
-508.25
-508.228571429
-508.256097561
-508.417004049
-508.447580645
-508.481927711
-508.52
-508.501992032
-508.484126984
-508.517786561
-508.748031496
-508.996078431
-509.00390625
-509.031128405
-509.011627907
-509.027027027
-509.015384615
-509.061302682
-509.061068702
-509.079847909
-509.083333333
-505.279245283
-505.308270677
-505.31835206
-501.570895522
-501.591078067
-501.644444444
-497.95202952
-497.992647059
-498.062271062
-498.131386861
-498.210909091
-498.242753623
-498.314079422
-498.377697842
-494.802867384
-494.853571429
-491.316725979
-491.411347518
-491.477031802
-491.531690141
-491.61754386
-491.688811189
-491.783972125
-491.847222222
-488.418685121
-488.496551724
-488.549828179
-488.630136986
-488.709897611
-488.816326531
-488.877966102
-488.932432432
-489.013468013
-485.697986577
-485.81270903
-482.53
-482.677740864
-482.781456954
-482.867986799
-482.980263158
-483.104918033
-483.202614379
-483.302931596
-483.386363636
-483.517799353
-483.606451613
-483.713826367
-483.788461538
-483.884984026
-484.003184713
-484.063492063
-484.151898734
-481.050473186
-481.163522013
-481.263322884
-481.346875
-481.45482866
-481.565217391
-481.696594427
-478.669753086
-478.815384615
-478.917177914
-479.027522936
-476.045731707
-476.158054711
-473.203030303
-473.302114804
-473.406626506
-473.561561562
-473.724550898
-473.847761194
-473.946428571
-474.142433234
-474.266272189
-474.389380531
-474.511764706
-474.618768328
-474.716374269
-474.836734694
-474.953488372
-475.037681159
-475.156069364
-475.273775216
-475.353448276
-475.504297994
-475.625714286
-475.732193732
-475.838068182
-475.949008499
-476.048022599
-476.166197183
-476.252808989
-476.397759104
-476.505586592
-476.615598886
-476.708333333
-476.822714681
-476.928176796
-477.038567493
-477.129120879
-477.260273973
-477.349726776
-477.476839237
-477.573369565
-477.661246612
-477.764864865
-477.870619946
-477.940860215
-478.013404826
-478.114973262
-475.530666667
-475.67287234
-475.763925729
-475.862433862
-475.968337731
-476.068421053
-473.509186352
-473.609947644
-473.689295039
-473.786458333
-473.898701299
-474.007772021
-474.134366925
-474.244845361
-474.354755784
-474.430769231
-474.547314578
-474.658163265
-474.75826972
-474.847715736
-474.95443038
-475.058080808
-475.166246851
-475.27638191
-472.854636591
-470.445
-470.551122195
-470.656716418
-470.744416873
-470.826732673
-468.432098765
-468.536945813
-468.641277641
-468.745098039
-468.858190709
-466.497560976
-466.593673966
-464.269417476
-464.389830508
-464.507246377
-464.614457831
-462.317307692
-462.426858513
-462.540669856
-462.668257757
-462.766666667
-460.501187648
-460.637440758
-460.758865248
-460.867924528
-458.609411765
-458.720657277
-458.843091335
-458.960280374
-459.083916084
-459.237209302
-459.35962877
-459.469907407
-459.602771363
-459.725806452
-459.855172414
-459.972477064
-457.796338673
-457.922374429
-458.0523918
-458.204545455
-458.317460317
-458.454751131
-458.568848758
-458.682432432
-458.793258427
-458.926008969
-459.053691275
-459.178571429
-459.300668151
-459.413333333
-459.541019956
-459.639380531
-459.761589404
-457.667400881
-457.786813187
-457.885964912
-458.0
-458.11790393
-458.213507625
-458.310869565
-458.449023861
-458.558441558
-456.490280778
-454.431034483
-454.544086022
-452.497854077
-452.605995717
-452.747863248
-452.882729211
-452.993617021
-453.099787686
-453.216101695
-451.202959831
-449.215189873
-449.345263158
-449.468487395
-449.595387841
-449.736401674
-449.88308977
-450.0125
-450.158004158
-450.313278008
-448.347826087
-448.473140496
-448.616494845
-446.666666667
-446.821355236
-446.967213115
-445.049079755
-445.191836735
-445.313645621
-443.410569106
-443.53346856
-443.655870445
-443.808080808
-441.907258065
-442.034205231
-442.154618474
-442.27254509
-442.392
-442.530938124
-442.661354582
-442.78528827
-440.916666667
-439.071287129
-439.203557312
-439.34122288
-439.462598425
-439.587426326
-439.743137255
-439.874755382
-440.025390625
-438.210526316
-438.340466926
-438.483495146
-438.641472868
-436.827852998
-436.951737452
-437.077071291
-437.234615385
-437.372360845
-437.511494253
-437.657743786
-437.795801527
-436.026666667
-436.155893536
-436.316888046
-436.443181818
-436.587901701
-436.726415094
-436.854990584
-436.973684211
-437.116322702
-437.258426966
-437.38317757
-437.505597015
-435.776536313
-434.039033457
-432.307977737
-432.466666667
-432.6025878
-432.758302583
-431.060773481
-431.222426471
-429.530275229
-427.82967033
-427.990859232
-428.144160584
-428.31147541
-428.450909091
-428.595281307
-428.731884058
-428.866184448
-427.19133574
-427.327927928
-427.465827338
-427.608617594
-425.955197133
-426.109123435
-426.25
-424.600713012
-422.957295374
-421.3339254
-421.476950355
-421.638938053
-421.787985866
-420.178130511
-420.348591549
-420.500878735
-420.645614035
-420.796847636
-420.945804196
-421.102966841
-421.24912892
-419.648695652
-419.819444444
-419.975736568
-418.399653979
-418.557858377
-418.713793103
-418.860585198
-419.015463918
-419.159519726
-417.587328767
-417.736752137
-416.172354949
-414.626916525
-413.093537415
-413.261460102
-411.728813559
-411.881556684
-412.059121622
-412.217537943
-410.683501684
-410.847058824
-411.005033557
-409.494137353
-407.988294314
-408.150250417
-408.318333333
-408.484193012
-408.662790698
-408.834162521
-408.991721854
-409.163636364
-409.343234323
-409.515650741
-409.699013158
-408.220032841
-408.386885246
-408.553191489
-407.070261438
-407.234910277
-407.418566775
-407.591869919
-406.12012987
-404.653160454
-404.83171521
-405.021001616
-405.179032258
-405.368760064
-403.914790997
-404.085072231
-404.251602564
-404.4336
-404.595846645
-404.765550239
-404.936305732
-405.108108108
-405.287301587
-405.456418384
-405.628164557
-404.199052133
-402.787066246
-402.962204724
-401.544025157
-401.722135008
-401.89184953
-402.073552426
-402.23125
-402.388455538
-402.551401869
-402.727838258
-402.892857143
-401.494573643
-401.650154799
-401.823802164
-401.979938272
-402.151001541
-400.764615385
-400.946236559
-401.11196319
-401.266462481
-401.44648318
-400.071755725
-400.25
-398.893455099
-399.047112462
-399.250379363
-399.413636364
-399.568835098
-399.723564955
-399.886877828
-400.049698795
-400.233082707
-398.882882883
-399.050974513
-397.706586826
-396.366218236
-396.535820896
-396.724292101
-396.919642857
-395.606240713
-395.767062315
-394.459259259
-394.628698225
-393.326440177
-392.010324484
-390.69808542
-390.869117647
-391.042584435
-389.749266862
-389.931185944
-390.106725146
-390.270072993
-390.443148688
-389.148471616
-389.32994186
-389.493468795
-389.68115942
-389.846599132
-388.562138728
-387.298701299
-386.027377522
-386.197122302
-386.369252874
-386.538020086
-386.73495702
-385.469241774
-385.66
-385.828815977
-386.00997151
-386.193456615
-386.369318182
-385.124822695
-385.296033994
-385.486562942
-384.240112994
-383.011283498
-383.204225352
-383.396624473
-382.174157303
-382.343618513
-382.556022409
-382.741258741
-381.520949721
-381.712691771
-381.883008357
-382.061196106
-382.245833333
-382.438280166
-382.631578947
-382.822959889
-383.001381215
-381.795862069
-381.961432507
-382.138927098
-382.320054945
-382.519890261
-382.691780822
-381.491108071
-381.681693989
-381.882673943
-382.065395095
-380.87755102
-381.050271739
-381.233378562
-381.398373984
-380.217861976
-379.02972973
-379.203778677
-379.404312668
-378.226110363
-377.047043011
-375.887248322
-376.057640751
-374.886211513
-375.061497326
-375.261682243
-375.44
-374.27563249
-373.114361702
-371.966799469
-370.811671088
-371.014569536
-371.216931217
-371.412153236
-370.263852243
-370.447957839
-370.630263158
-370.806833114
-370.99343832
-369.847968545
-370.031413613
-368.895424837
-369.083550914
-369.272490222
-369.4609375
-368.342002601
-367.215584416
-366.102464332
-364.992227979
-363.874514877
-364.065891473
-362.957419355
-361.856958763
-362.042471042
-362.228791774
-362.419768935
-362.597435897
-361.494238156
-361.675191816
-361.872286079
-362.0625
-362.242038217
-362.441475827
-361.346886912
-361.527918782
-360.437262357
-360.618987342
-360.810366625
-359.734848485
-359.930643127
-360.125944584
-360.325786164
-359.246231156
-359.457967378
-359.639097744
-359.841051314
-358.7675
-358.957553059
-357.897755611
-356.830635118
-357.013681592
-357.202484472
-356.140198511
-356.334572491
-356.51980198
-356.715698393
-355.669135802
-354.620221948
-354.822660099
-355.027060271
-353.972972973
-352.936196319
-351.897058824
-350.870257038
-349.841075795
-348.80952381
-349.11097561
-349.300852619
-348.278588808
-347.253948967
-347.459951456
-346.433939394
-346.677966102
-346.882708585
-345.865942029
-344.846803378
-343.834939759
-342.820697954
-343.025240385
-342.019207683
-341.007194245
-340.001197605
-340.198564593
-340.396654719
-339.394988067
-339.607866508
-338.619047619
-337.623067776
-337.832541568
-338.054567023
-337.062796209
-336.087573964
-335.105200946
-335.321133412
-335.516509434
-335.724381625
-335.925882353
-334.942420682
-333.968309859
-332.990621336
-333.197892272
-333.404678363
-333.605140187
-332.633605601
-332.855477855
-333.057043073
-333.270930233
-332.318234611
-332.546403712
-332.747392816
-331.784722222
-331.989595376
-332.191685912
-331.232987313
-331.442396313
-330.482163406
-329.524137931
-328.57749713
-328.780963303
-327.832760596
-328.04805492
-328.248
-327.312785388
-326.379703535
-326.585421412
-326.783845279
-325.840909091
-326.052213394
-326.264172336
-325.329558324
-325.531674208
-325.731073446
-325.9503386
-326.175873732
-326.376126126
-326.597300337
-325.665168539
-325.863075196
-324.942825112
-324.020156775
-324.22147651
-323.297206704
-322.383928571
-322.58974359
-321.674832962
-321.890989989
-320.974444444
-320.068812431
-320.276053215
-319.368770764
-319.575221239
-318.670718232
-317.762693157
-316.862183021
-317.06938326
-317.288228823
-317.49010989
-316.602634468
-315.708333333
-315.91456736
-316.124726477
-315.233879781
-315.444323144
-315.649945474
-314.774509804
-313.902067465
-314.114130435
-314.32247557
-314.534707158
-314.74864572
-314.96969697
-315.180540541
-315.390928726
-314.508090615
-313.640086207
-313.852529602
-314.064516129
-313.186895811
-312.315450644
-312.520900322
-312.739828694
-312.946524064
-313.153846154
-313.361792956
-312.495735608
-311.631522897
-311.834042553
-312.039319872
-312.248407643
-312.448568399
-311.587923729
-311.798941799
-310.937632135
-310.082365364
-309.228902954
-309.43308746
-308.583157895
-308.793901157
-309.003151261
-309.21930745
-308.376310273
-307.532984293
-306.685146444
-306.895506792
-307.103340292
-306.262773723
-305.423958333
-305.63371488
-305.846153846
-306.050882658
-306.262448133
-305.423834197
-305.642857143
-305.847983454
-305.016528926
-305.223942208
-305.432989691
-304.600411946
-303.773662551
-303.984583762
-303.163244353
-302.340512821
-302.554303279
-302.76765609
-301.947852761
-302.15628192
-302.370408163
-301.55351682
-300.743380855
-300.953204476
-301.161585366
-300.36142132
-299.550709939
-299.757852077
-298.949392713
-298.140546006
-297.335353535
-296.535822402
-295.72983871
-295.942598187
-296.154929577
-295.351758794
-295.574297189
-295.781344032
-294.98496994
-294.186186186
-294.402
-293.613386613
-292.826347305
-292.032901296
-291.241035857
-290.454726368
-290.670974155
-289.886792453
-290.106150794
-289.32011893
-289.540594059
-289.755687438
-288.980237154
-289.195459033
-289.412228797
-289.627586207
-288.855314961
-288.080629302
-288.2956778
-287.526987242
-287.739215686
-287.952007835
-288.167318982
-287.397849462
-287.615234375
-286.844878049
-287.064327485
-287.29308666
-286.524319066
-285.760932945
-285.981553398
-286.193016489
-286.412790698
-286.624394966
-286.835589942
-287.051207729
-286.296332046
-285.546769527
-285.766859345
-285.023099134
-285.235576923
-284.493756004
-283.738003839
-283.959731544
-283.209770115
-282.461244019
-282.675908222
-281.933142311
-281.191793893
-280.451858913
-279.70952381
-278.964795433
-278.225285171
-278.442545109
-277.70113852
-276.961137441
-276.230113636
-276.448438978
-275.715500945
-274.989612842
-275.201886792
-274.472196041
-273.743879473
-273.971777987
-274.192669173
-273.462910798
-272.742026266
-272.018744142
-271.300561798
-271.530402245
-270.806542056
-271.021475257
-271.249067164
-270.538676608
-270.759776536
-270.974883721
-271.205390335
-270.486536676
-270.714285714
-270.938832252
-271.157407407
-271.37372803
-271.589648799
-270.877192982
-271.092250923
-271.322580645
-271.541436464
-270.83624655
-270.132352941
-269.426078972
-269.637614679
-268.929422548
-268.222527473
-267.516925892
-266.819926874
-266.116894977
-265.41879562
-264.721969006
-264.941712204
-264.242948135
-264.465454545
-264.693914623
-263.997277677
-263.301903898
-262.615036232
-261.933031674
-261.248643761
-261.483288166
-261.711191336
-261.025247971
-261.253153153
-260.568856886
-259.885791367
-260.11769991
-259.432675045
-258.748878924
-258.974014337
-259.199641898
-258.517889088
-258.740840036
-258.060714286
-258.286351472
-258.515151515
-258.735529831
-258.064946619
-257.388444444
-256.713143872
-256.042590949
-255.369680851
-255.591674048
-254.920353982
-254.253757737
-253.584805654
-253.807590468
-253.14021164
-253.362995595
-252.704225352
-252.040457344
-251.377855888
-250.7190518
-250.057894737
-249.397896582
-249.621716287
-248.970253718
-248.316433566
-248.537991266
-248.767888307
-248.993025283
-249.216027875
-249.440382942
-249.669565217
-249.015638575
-249.241319444
-249.470078057
-249.689774697
-249.909090909
-249.264705882
-248.621434745
-247.972366149
-248.197584124
-247.556896552
-247.787252369
-248.006884682
-248.227858985
-248.450171821
-247.808583691
-247.17838765
-246.535561268
-246.759417808
-246.977758768
-247.206837607
-246.573014518
-245.936860068
-246.156862745
-245.525553663
-244.888510638
-244.255952381
-243.621070518
-242.987266553
-242.354537744
-242.577118644
-241.949195597
-241.318950931
-241.546069315
-240.91722973
-240.289451477
-240.510961214
-239.884582982
-239.265993266
-239.502102607
-238.881512605
-238.258606213
-237.640100671
-237.869237217
-237.248743719
-236.629288703
-236.010869565
-235.393483709
-234.777128548
-234.161801501
-234.389166667
-233.778517902
-233.165557404
-233.399002494
-232.787375415
-232.18340249
-232.409618574
-231.803645402
-231.205298013
-230.604631927
-229.998347107
-229.396366639
-229.625412541
-229.024732069
-228.425041186
-227.826337449
-227.228618421
-226.630238291
-226.857142857
-226.268252666
-226.493442623
-225.899262899
-225.309328969
-224.717089125
-224.12254902
-224.36244898
-223.769168026
-224.004889976
-223.419381107
-223.646867372
-223.875609756
-223.285134037
-223.519480519
-222.936739659
-223.170988655
-222.589473684
-222.002427184
-221.426030719
-221.668820679
-221.09039548
-220.506451613
-219.926672039
-220.157004831
-220.390185036
-219.811897106
-219.234538153
-218.658105939
-218.085805934
-218.322916667
-217.745396317
-217.1784
-216.605915268
-216.838658147
-216.270550678
-216.516746411
-216.746613546
-216.974522293
-216.404932379
-216.637519873
-216.065925338
-215.495238095
-214.928628073
-215.156893819
-214.588281869
-214.02056962
-213.456916996
-212.892575039
-212.327545383
-212.559148265
-211.995271868
-212.228346457
-211.668764752
-211.106918239
-210.552238806
-209.998430141
-209.442352941
-208.884012539
-208.339075959
-207.788732394
-207.239249414
-206.684375
-206.133489461
-206.371294852
-206.61106781
-206.058411215
-206.292607004
-205.747278383
-205.1996892
-204.64984472
-204.100853375
-203.558914729
-203.790859799
-204.020897833
-204.254447022
-204.496136012
-204.727413127
-204.958333333
-205.188897456
-205.421417565
-204.88221709
-204.340769231
-203.79707917
-203.257296467
-202.715272448
-202.174079755
-202.41302682
-201.879019908
-201.342004591
-200.812691131
-201.046600458
-201.286259542
-200.758199847
-200.990091463
-200.453922315
-199.918569254
-200.151330798
-199.62006079
-199.08959757
-198.556904401
-198.025018954
-198.264393939
-197.73656321
-197.972012103
-197.442176871
-196.913141994
-196.387924528
-195.860482655
-195.339864356
-194.82003012
-195.054176072
-194.532330827
-194.008264463
-194.243993994
-193.720930233
-193.198650675
-192.683146067
-192.915419162
-192.406881077
-192.64200299
-192.87528006
-193.121641791
-192.602535421
-192.087183308
-191.57259866
-191.805803571
-191.295167286
-190.791233284
-191.026726058
-190.511869436
-190.747961453
-190.237037037
-189.726868986
-189.214497041
-188.702143385
-188.937961595
-188.433210332
-187.926253687
-187.422991894
-186.920471281
-187.157468727
-186.65
-186.883174137
-186.37958884
-185.87674248
-186.113636364
-185.614652015
-185.113469985
-184.607900512
-184.111111111
-184.349159971
-183.853284672
-183.35813275
-182.869533528
-182.375819374
-181.882823872
-181.384727273
-180.887354651
-180.39070443
-180.628447025
-180.864394489
-180.37173913
-179.879797248
-179.388567294
-178.898047722
-178.405346821
-177.924909747
-177.436507937
-176.948810382
-176.465417867
-175.976241901
-175.49352518
-175.732566499
-175.244971264
-174.758076095
-174.271879484
-174.516129032
-174.752148997
-174.267000716
-173.782546495
-174.03073624
-173.55
-173.069950036
-172.587731812
-172.82466144
-173.064814815
-172.583629893
-172.103129445
-171.62615494
-171.150568182
-171.392476934
-170.914184397
-170.436569809
-169.962464589
-169.491861288
-169.743988685
-169.983745583
-169.514124294
-169.039520113
-168.57122708
-168.100775194
-167.628169014
-167.161857847
-167.415611814
-166.944483486
-167.183988764
-167.428070175
-166.960729313
-167.200420463
-166.731092437
-166.265220434
-165.805594406
-165.338225017
-164.874301676
-164.41939986
-163.954672245
-163.495470383
-163.031337047
-163.277661795
-162.814325452
-162.354412787
-162.592361111
-162.130464955
-162.372399445
-161.911295911
-161.450831025
-160.993771626
-160.537344398
-160.777470629
-160.317679558
-159.862663906
-160.100689655
-159.643694004
-159.192837466
-159.429456297
-158.976616231
-158.523024055
-158.068681319
-157.620452986
-157.167352538
-156.714873201
-156.957534247
-156.508555784
-156.05745554
-155.609706083
-155.162568306
-155.399317406
-154.950886767
-155.194955692
-155.435286104
-154.992511913
-154.550340136
-154.108769545
-153.66236413
-153.221995927
-152.776797829
-152.334915254
-152.572493225
-152.134055518
-151.690798376
-151.93035835
-151.490540541
-151.0486158
-150.609986505
-150.169251517
-149.734501348
-149.297643098
-148.866756393
-149.110289173
-148.674731183
-148.239758227
-147.802684564
-148.048960429
-147.612600536
-147.176825184
-147.419678715
-146.984615385
-146.55013369
-146.124248497
-145.690921228
-145.934623082
-145.504666667
-145.072618254
-144.643808256
-144.212907518
-144.452792553
-144.699667774
-144.940903054
-144.516257465
-144.092175066
-143.666003976
-143.240397351
-142.81535407
-142.388227513
-141.966953073
-142.206076618
-141.78019802
-141.354881266
-140.93276203
-140.5085639
-140.087557604
-140.330263158
-139.909927679
-139.490144547
-139.068286277
-138.646981627
-138.226229508
-137.808650066
-138.05108055
-138.289921466
-138.533028123
-138.11372549
-137.694970607
-137.932767624
-138.176125245
-138.41851369
-138.003257329
-138.243489583
-137.831489915
-137.417425228
-137.660168941
-137.244155844
-136.831278391
-136.416342412
-136.653920933
-136.890544041
-136.481553398
-136.067917206
-135.654815772
-135.242248062
-135.487411233
-135.72516129
-135.971631206
-136.212628866
-135.801030264
-135.392535393
-134.989710611
-134.587403599
-134.17790623
-133.77406932
-133.368184734
-132.96025641
-132.552850737
-132.148527529
-131.744721689
-131.987851662
-131.587220447
-131.181992337
-130.782386726
-130.380739796
-130.618228171
-130.217197452
-129.814131127
-129.414122137
-129.014621742
-128.623252859
-128.866666667
-128.465736041
-128.065313887
-127.66539924
-127.903736542
-127.50443038
-127.744465528
-127.350821745
-127.596336071
-127.198232323
-126.800630915
-126.408575032
-126.65847511
-126.261964736
-125.868470736
-125.472955975
-125.082966688
-125.32160804
-124.929692404
-124.537013802
-124.143573668
-123.753132832
-123.360676268
-122.968710889
-122.577235772
-122.18875
-122.434728295
-122.677902622
-122.290081098
-121.902743142
-121.51588785
-121.757783313
-121.371499689
-120.985696517
-120.602858919
-120.21552795
-119.836126629
-119.452233251
-119.06633602
-118.680916976
-118.300928793
-117.916460396
-117.534941249
-117.156365884
-116.778258184
-116.398148148
-116.016039482
-116.263871763
-116.504004929
-116.741995074
-116.365538462
-116.60701107
-116.228641672
-115.848280098
-115.468385513
-115.707361963
-115.957081545
-115.577818627
-115.819350888
-115.443084455
-115.067278287
-115.322127139
-115.560171045
-115.184981685
-114.810250153
-114.438414634
-114.064594759
-113.688794153
-113.323189288
-112.948296837
-113.192705167
-112.82563791
-112.456587735
-112.083131068
-112.329290479
-111.956363636
-112.196850394
-111.824455206
-112.067755596
-111.695888755
-111.324471299
-110.955917874
-110.592637296
-110.229794934
-109.866787221
-109.497590361
-109.73871162
-109.374849579
-109.009019844
-108.650841346
-108.285885886
-107.918967587
-107.557288542
-107.196043165
-107.43858598
-107.075449102
-107.312387792
-106.949760766
-106.589958159
-106.228195938
-105.864477612
-106.107995227
-106.348240906
-105.985101311
-105.624776653
-105.267261905
-104.914931588
-104.563020214
-104.814022579
-104.453087886
-104.690801187
-104.934163701
-104.573799644
-104.218601896
-103.861456483
-104.100591716
-103.748669426
-103.394799054
-103.648552865
-103.292798111
-103.52920354
-103.171580189
-103.408956983
-103.051825677
-103.2866392
-103.529411765
-103.172839506
-103.409518214
-103.647093365
-103.883802817
-103.527859238
-103.764361079
-103.414762742
-103.05971897
-103.299005266
-102.949122807
-102.597311514
-102.248247664
-101.897256276
-102.137689615
-101.789504373
-101.437062937
-101.087361677
-100.735739232
-100.977312391
-100.626162791
-100.280069727
-100.519163763
-100.168891468
-99.8236658933
-99.4742028986
-99.1251448436
-98.7788071801
-98.4305555556
-98.0827067669
-97.7352601156
-97.9693818602
-97.6270207852
-97.2804385459
-96.9342560554
-97.1740634006
-96.8283410138
-97.0633275763
-97.3014959724
-96.9585968948
-96.616091954
-96.2762780011
-96.5143513203
-96.1703958692
-95.8291284404
-95.4905444126
-95.7296678121
-95.3892386949
-95.0469107551
-95.2841623785
-94.9422857143
-94.6053683609
-94.8401826484
-94.5014261266
-94.1607753706
-94.3948717949
-94.6287015945
-94.8656801366
-94.5255972696
-94.1881750995
-93.8534090909
-93.5167518455
-93.752553916
-93.4169030062
-93.0833333333
-93.3184135977
-92.9830124575
-92.6457272213
-92.3088235294
-91.9768230639
-92.2118644068
-92.4460756635
-92.6822799097
-92.3463056966
-92.5777903044
-92.8129577465
-92.4797297297
-92.1491277434
-92.3830146232
-92.6222596965
-92.8539325843
-92.5193711398
-92.1874298541
-91.8536174986
-91.5201793722
-91.1893557423
-90.8611422172
-90.5288192501
-90.1968680089
-89.8652878703
-89.5340782123
-89.2054718035
-88.8839285714
-89.1154489682
-88.7898550725
-88.4601671309
-88.1308463252
-88.3617139677
-88.5945494994
-88.2657031684
-88.5005555556
-88.1743475847
-87.8507214206
-88.0843039379
-88.316518847
-87.9889196676
-87.661683278
-87.3370226895
-87.5669247788
-87.2404643449
-86.9187845304
-86.5974599669
-86.8272626932
-86.5019305019
-86.1769570011
-85.852892562
-85.5308370044
-85.7611447441
-85.999449945
-85.6778449698
-85.3565934066
-85.0378912685
-84.7173435785
-84.3993417444
-84.6293859649
-84.3139726027
-84.5438116101
-84.2266009852
-83.9097374179
-83.5910333516
-83.2770491803
-82.9546695795
-82.6348253275
-82.31533006
-81.9967284624
-81.6801089918
-81.3660130719
-81.0500816549
-80.7366702938
-80.4192495922
-80.1065217391
-80.3389462249
-80.0244299674
-79.7080846446
-79.3985900217
-79.0850948509
-79.3147345612
-79.0037899296
-78.691017316
-78.3791238507
-78.0648648649
-77.753106429
-77.439524838
-77.1262817053
-77.355987055
-77.0452830189
-76.7349137931
-76.4248788368
-76.1173304629
-75.8144163529
-76.0456989247
-76.2826437399
-75.9715359828
-76.2012882448
-75.8905579399
-76.1254691689
-75.8193997856
-76.0498125335
-75.744111349
-75.4344569288
-75.664171123
-75.8931052913
-75.5860042735
-75.2792311799
-74.9749199573
-74.6666666667
-74.3608742004
-74.5924347363
-74.2870074547
-73.9840340607
-73.6771276596
-73.9069643806
-74.1418703507
-74.3696229421
-74.0652866242
-73.7612732095
-73.4597030753
-73.6857445681
-73.3802966102
-73.0751720487
-73.3100529101
-73.5372818614
-73.2325581395
-72.9302694136
-72.6282998944
-72.3287598945
-72.0274261603
-71.7264101212
-71.9557428872
-71.6529752501
-71.8826315789
-71.5802209363
-71.2844374343
-71.513925381
-71.7494747899
-71.4545931759
-71.1594963274
-70.8584163608
-71.0854297694
-71.3158721844
-71.0172774869
-70.7210884354
-70.4210251046
-70.1233664401
-69.8239289446
-69.5289817232
-69.2301670146
-68.9316640584
-68.6355578728
-68.3397602918
-68.0463541667
-67.7490890161
-67.9750260146
-67.6781071243
-67.9059251559
-67.6135064935
-67.3172377985
-67.0275038921
-66.7359958506
-66.9709694142
-66.6839378238
-66.3909891248
-66.0962732919
-65.8060010347
-65.5118924509
-65.2201550388
-64.9266528926
-64.6334537945
-64.3405572755
-64.0520887055
-63.7618556701
-63.4698608964
-63.6977342945
-63.4122490993
-63.1270576132
-62.8380462725
-62.5472764645
-62.7729840781
-63.0030800821
-62.7208825038
-62.4348717949
-62.6632496156
-62.3755122951
-62.0865335381
-61.7973387922
-61.5104859335
-61.7356850716
-61.4512008176
-61.1649642492
-60.8851454824
-60.6015306122
-60.3182049975
-60.0331294597
-60.2623535405
-59.9755600815
-60.2025445293
-59.9160732452
-59.6339603457
-59.3480691057
-59.0705942103
-58.7852791878
-58.5043125317
-58.2195740365
-57.9351241764
-57.6509625127
-57.88
-57.5981781377
-57.3166413758
-57.5480283114
-57.7791814047
-58.0035353535
-57.7258960121
-57.4490413724
-57.1664145234
-56.8921370968
-56.6105793451
-56.3288016113
-56.5596376447
-56.2781690141
-55.9969834087
-56.2291457286
-55.9522852838
-55.671686747
-55.3913697943
-55.111334002
-54.8395989975
-55.0741482966
-55.3024536805
-55.023023023
-54.743871936
-54.9685
-510.28
-496.405
-461.503333333
-439.37
-407.59
-387.861666667
-369.748571429
-359.89125
-340.13
-317.994
-287.973636364
-251.8025
-228.198461538
-199.385714286
-168.902666667
-146.1175
-119.484117647
-96.8727777778
-81.9821052632
-63.5115
-511.76
-513.265
-499.746666667
-457.585
-416.378
-401.736666667
-372.72
-353.63375
-335.378888889
-309.476
-271.876363636
-234.481666667
-198.200769231
-166.369285714
-142.714
-117.731875
-99.26
-81.1805555556
-64.4536842105
-48.8745
-511.38
-512.88
-512.716666667
-490.365
-459.982
-416.585
-385.695714286
-379.09125
-349.091111111
-326.891
-290.337272727
-256.466666667
-225.453076923
-196.049285714
-165.810666667
-143.18125
-126.750588235
-100.949444444
-83.1815789474
-67.7035
-511.87
-512.16
-495.78
-444.825
-417.698
-402.845
-382.351428571
-355.83875
-336.353333333
-301.434
-271.855454545
-241.311666667
-207.616923077
-180.16
-149.623333333
-125.500625
-107.228823529
-84.1466666667
-67.7736842105
-55.061
-511.16
-511.885
-505.603333333
-474.5
-449.568
-424.615
-403.841428571
-377.01
-348.231111111
-311.94
-265.719090909
-225.560833333
-190.73
-165.212142857
-140.469333333
-120.058125
-97.8776470588
-82.6316666667
-65.3005263158
-52.216
