13
19
14
29
37
13
11
23
21
13
21
20
33
13
37
19
12
35
11
14
11
13
28
15
20
15
16
17
15
15
18
17
19
16
37
38
21
28
22
17
19
27
9
39
27
18
19
26
17
35
9
31
18
25
24
10
29
27
23
20
12
18
21
23
30
38
22
27
23
19
19
25
19
22
17
381
17
25
29
19
26
36
25
35
27
25
29
24
35
39
17
24
29
21
37
28
102
41
11
29
60
26
22
33
17
17
25
13
11
33
18
35
27
28
40
30
21
28
29
31
23
37
32
26
19
26
45
15
27
37
24
39
33
20
29
53
21
19
14
33
101
24
39
23
34
16
31
54
43
40
34
13
19
28
39
31
35
36
32
11
44
33
53
8
51
30
9
28
33
15
50
41
37
39
39
26
41
32
41
36
27
15
43
42
33
16
11
42
36
43
59
34
32
33
41
25
32
33
29
23
23
61
42
38
51
31
39
93
25
41
38
41
59
37
37
25
51
23
52
58
47
42
13
18
42
57
43
43
10
40
42
24
44
45
31
29
45
42
36
25
41
42
43
42
46
55
27
133
19
47
37
46
32
27
12
14
117
61
35
49
21
49
25
44
20
59
31
25
47
53
63
29
48
25
49
49
11
54
50
38
23
34
48
42
42
35
48
15
51
27
52
38
17
42
40
29
53
13
87
10
46
23
35
55
24
32
57
10
30
181
54
58
42
42
18
42
17
42
27
55
26
22
57
39
36
42
29
31
39
56
28
42
47
95
14
26
58
56
57
37
46
49
23
42
22
31
42
28
10
38
85
33
83
42
44
42
58
81
115
27
56
21
37
58
32
27
42
45
57
19
58
40
84
35
42
35
41
37
67
42
58
42
51
36
55
29
36
53
48
50
14
34
16
42
42
35
58
52
35
21
15
37
41
29
58
58
58
42
53
57
35
42
58
34
46
58
49
45
42
42
37
42
51
39
33
16
99
35
34
28
58
29
53
37
50
20
17
58
25
44
43
46
62
42
58
28
54
25
39
15
58
43
83
29
35
33
29
17
57
31
52
18
58
45
57
15
55
123
91
44
58
55
58
40
53
58
58
36
15
26
53
35
59
23
27
125
45
50
30
82
44
52
56
19
26
47
51
54
58
25
23
42
24
33
42
58
57
45
51
31
50
44
58
21
42
42
47
56
58
42
24
58
33
22
58
31
22
26
31
14
15
33
58
28
40
58
15
31
15
50
30
59
47
60
18
31
31
58
26
42
28
37
42
42
42
25
27
58
37
27
33
34
61
17
42
28
29
58
42
37
27
38
42
46
115
58
26
47
21
33
31
39
42
25
17
26
53
63
57
42
42
42
31
66
34
42
58
25
31
58
40
58
58
46
52
25
41
58
56
31
42
44
29
42
58
53
49
69
58
59
55
42
35
58
43
15
49
47
36
58
42
48
52
50
32
50
47
44
29
62
42
58
58
24
30
85
49
25
58
42
28
67
27
27
58
37
28
31
58
30
45
51
38
51
29
42
27
42
47
52
49
48
46
42
11
17
50
43
31
71
25
52
50
28
42
53
65
39
29
36
77
42
50
87
50
58
58
27
42
56
45
41
59
21
25
27
24
58
48
38
60
58
39
58
58
42
61
42
53
17
50
39
40
58
28
54
27
66
32
31
27
38
58
32
22
23
34
47
42
32
39
58
58
42
25
55
33
9
27
42
42
37
24
21
66
39
58
49
37
64
26
66
50
42
40
31
42
42
42
31
51
63
47
26
26
30
39
30
29
37
27
36
28
46
14
35
34
66
58
42
55
42
33
62
41
33
66
36
42
26
58
43
33
32
35
25
29
47
28
42
34
34
42
42
46
51
43
41
58
33
23
41
34
42
55
23
66
35
29
37
36
58
65
38
35
60
58
42
26
49
40
33
42
32
56
25
58
40
42
42
64
42
33
31
42
58
42
50
103
42
58
42
57
42
28
38
42
35
31
42
50
58
33
50
42
42
38
30
33
30
66
41
42
39
32
42
45
32
42
66
45
34
42
48
29
40
48
26
48
44
42
34
43
34
31
34
34
43
42
42
42
58
42
45
50
58
33
34
46
50
34
34
42
42
53
42
42
50
35
41
38
40
42
42
42
34
25
47
44
69
35
46
50
30
34
34
24
43
35
37
34
50
59
34
35
42
42
42
26
34
50
20
35
34
42
34
50
36
34
42
34
34
50
42
34
66
28
34
42
42
24
13
58
40
42
34
28
46
24
42
34
42
42
34
34
66
31
24
42
42
47
34
34
42
34
50
34
26
36
34
66
33
50
42
34
34
27
50
42
59
43
34
42
34
42
18
50
50
27
50
35
42
34
25
17
42
41
31
37
34
42
50
34
34
32
25
27
30
58
34
42
65
42
40
32
51
38
26
37
48
57
28
34
25
23
42
42
36
26
34
42
50
42
21
66
58
42
42
40
23
34
50
50
31
50
58
53
34
34
34
42
39
49
42
46
40
48
34
37
42
58
50
29
29
23
50
42
21
34
66
51
42
34
50
27
18
34
24
46
34
33
66
28
58
66
34
34
34
51
34
58
42
50
30
50
46
26
34
29
42
37
34
34
24
34
34
36
34
34
34
29
42
42
35
34
42
50
50
43
34
42
45
42
50
29
34
50
45
42
50
34
43
57
42
50
24
34
42
58
42
34
50
50
50
27
28
34
42
24
50
43
90
34
34
46
42
42
27
28
34
66
34
50
58
50
22
36
42
34
50
40
27
34
34
25
42
50
42
42
34
50
34
34
42
50
34
55
34
34
18
26
34
34
34
41
34
34
34
66
61
42
34
50
34
66
42
34
42
24
42
55
29
34
34
38
50
50
50
42
50
42
31
30
57
36
34
42
18
34
40
42
47
34
22
42
42
42
27
50
34
34
50
66
50
38
97
34
34
34
42
31
35
34
34
42
43
34
32
38
34
39
42
34
50
34
22
34
42
34
34
50
42
50
50
30
36
66
42
34
42
50
34
34
32
42
42
44
34
44
34
21
35
53
32
34
45
32
34
35
50
44
49
34
50
61
42
34
66
33
34
42
50
52
33
34
66
50
50
42
42
50
42
42
60
42
50
38
50
39
26
34
42
32
57
62
34
34
39
42
34
34
34
58
34
50
50
45
31
42
34
34
39
34
50
66
34
34
34
34
38
33
29
39
50
42
58
50
34
34
51
50
32
50
42
42
33
24
34
34
34
36
34
66
30
42
50
42
42
34
42
34
60
21
42
42
42
35
50
31
50
34
42
34
42
34
34
34
34
50
38
42
35
42
48
34
31
50
32
39
42
42
42
42
34
42
34
58
34
58
42
54
42
42
66
34
57
42
42
37
42
50
34
34
49
37
50
38
32
42
46
34
42
29
33
33
34
51
42
34
29
36
66
46
50
39
67
42
50
34
55
42
58
55
50
30
37
34
51
58
42
36
20
42
34
66
34
49
50
61
50
25
34
26
25
34
50
34
35
34
50
25
28
50
34
43
42
34
34
42
34
58
34
42
47
16
35
34
42
29
53
31
37
42
50
34
50
34
34
34
51
34
50
29
34
42
41
42
34
42
66
34
31
34
42
39
66
34
50
131
50
29
26
34
42
34
50
31
50
17
50
34
50
34
34
50
26
50
34
34
53
40
34
42
52
34
69
42
34
50
28
42
33
34
34
28
35
34
39
49
50
34
39
28
34
50
34
34
54
34
34
42
34
42
50
37
42
30
34
50
27
36
27
42
66
50
58
34
50
50
34
42
34
50
34
26
42
29
34
42
34
30
34
52
34
50
34
38
34
28
34
34
42
39
42
58
34
34
27
34
42
33
42
50
58
58
34
34
50
50
50
31
24
34
42
58
24
35
40
34
34
34
50
50
34
42
59
42
66
34
24
28
42
42
58
46
50
33
58
44
42
50
42
44
34
34
24
50
24
43
34
34
50
34
34
42
34
75
51
50
34
34
32
34
46
34
54
27
50
50
42
34
34
34
42
15
58
34
42
50
34
34
50
34
42
50
34
50
50
29
34
42
34
42
50
50
42
34
42
38
42
66
50
42
34
42
58
20
42
34
38
34
34
34
50
34
34
40
34
50
41
42
25
53
34
55
50
50
12
42
50
34
25
66
32
42
35
56
50
66
42
58
29
34
34
50
26
27
26
42
58
66
34
23
50
50
34
32
50
40
34
50
34
34
29
25
38
34
34
33
42
47
38
26
42
42
58
34
50
42
34
42
42
34
50
42
34
34
50
34
34
50
33
34
66
42
42
47
34
66
34
42
32
42
28
42
42
66
34
34
34
34
34
32
42
23
34
34
34
42
34
52
43
42
42
34
34
42
34
31
29
28
65
50
34
44
50
34
50
34
58
34
50
45
34
42
34
50
42
39
23
34
50
34
34
34
34
42
52
51
42
34
42
38
50
34
50
50
34
50
50
34
34
50
50
42
50
32
34
31
34
42
42
42
34
34
66
58
34
49
42
29
50
25
58
42
34
51
34
28
40
40
54
25
34
34
22
50
34
66
42
34
34
34
34
34
42
42
50
50
34
